$ANSIBLE_VAULT;1.1;AES256
61356237643432653138326461333664356132636264396639363331373731323261323739633038
6263366335313062366465353632363831653737626137660a333834393862323935336130353235
31666437343565316165343764646530386334616334343931306336653633303865626463343835
3330336461323462640a303463616239303964336562303537333466613163336164613763333364
31346333306533643136333230363831393561383462386538383038643839663030363336616334
34623464663432616632383764616134633934313964343536316439333766383637616264346631
63653764633130363231333261386439323937313432366234313463323532643364333230393133
34646138633565353332323166303835646537613765343836346136373230623831653763346265
64656231636236356134333934613731323462363161353265633132353237316264313930373535
37623434303530323763316261623332323532663832653935343038336661323834643130313263
33393038303439336330626362363739356331616266363638326431346436363736373837626438
30393039333135656635636531386533313662383733353732363433633962333832633564663761
39313132623639336565316266643636616136653432356338663137313734333863316361366639
30666632323830373035356136333830353463643364626532653164343933363833393961336536
31393062333432613737363336316561313564306331303931346165373665373066336363333030
30363736353333363739346631636666333366653635383639393465303664343365336162666265
66613737636266646265663564636334303331343033316534646564336164386665383635646563
33323364383666303934613638643965353435613661346436383262646530306135363261323839
33326131363761353034333632353032356238373163373965656436363633303564313337383831
36663832356537356434393838646565653362663338666231346261383332666138656661316534
36333939373833353661346161346565393666623034363634396637306463333532653030356464
37656538336232393335343662326232653064336564386230653663376562626166323562306130
35363338653261616232653834646164626539353534636263623737366136616162613338336337
37346538633137353932
