$ANSIBLE_VAULT;1.1;AES256
64373032653763666632333362333530323763323731396162393537396630653634626261653937
3237383665633636643631666164373239366664616330370a623664613030313936366537303438
64316635626165356631313061666131386435396364346234393538643461386338643861363638
3430343433323331390a373866646138643333326463633935643337666537316262663562323633
36366664346332356266653738643262393036316630366464616433396636356564323934623936
37616335666636313564303562633832333238303866653934653730383833643762643730393366
33356239653562313835396135313866313934623131376562623166343837616631653434356233
64616261393232656461383834396263313333326436326634316232383364323862613133613965
64356236383463383930623736393732343338646161393264626130386534656562373861316139
30653362383139343365616263313962643034333836656633386338653663613335303332303463
66613136346266383238646566363130316662376434653961383964626163623436373564646565
62343061633937376436336366393561633531383165613934636664346439646138616132373166
61366338373666366237313263613731623862616136326334633337663235316339316466376566
35306437643734663038393763303135313333646235356338343733316235633063643664353562
63333439636232623462346663663537623332353361373433373238356638613733633764653235
61313763336265636461326263616137623634386439626463643861346137633766386238653064
32643238633739343562643864306662666331623862376231356462373238363733626262346363
34633835343161383835353237356433383137353139613062373361636231333162663638306131
66633264376663386137643335346662313432376464333838353930393836666236353030613063
31663133363464323962373362326334633333396130356238303437613232616633653764663964
63353763653534333933363332653263366535633739623166346337626137336564656364653764
32383936666639363064363163356132656635336365636536376333346262316564356165376637
35636137343234633933343937353934333962316539613837646536353539383131346131303933
34396638353939363534326234363837633835663664643134376134643935393364383535623061
6533
