$ANSIBLE_VAULT;1.1;AES256
35333966623565623230353031373939353762363561633265356466313961303865303365343335
6534306133383236336335306637623862323966323265390a383034393665363965623066303538
35626335356633303537343237396334616430646531643261626461613630313835376630613830
3232356166303539660a353534636661666538323339366666396565373561326563383237663137
31616338383063626134303831306233646261333362656232333665393466633966633339383338
64313734393064303662653837626635303765386634636438613632623334353961333133306637
66393934336537313132306135646336323036633131663962613263646561663732336266316632
35613239326261366238326333656432316666383934386336653630353266376362353233636634
65383337386138303462383636616337383331326536353263643062643262616161653430326366
36633032376438623763663836623065306331613032636565383232613264313836313238306262
62313765353462633837386234333062333635643037653834366361393731613236303062323332
36393664653334326238616635303562626230626665663865666537386331633966316535633863
34373239643261303831353165623830313438653037613634363733363533653533376431313961
66646535646139663634623037373461316136663534356631383834323162643233393865643738
65633939323865383438646162393033613262633033623163393236643133633462303339623039
39653562613633376361393238393639333761613766653230613637653635366535373931393436
39343238616530656262313230303534646564346365393730643130383364636361323130613730
65323836373662623531643536666635323236656630633662333332333831383962626130393839
35396165616535653333646231623532303435326164396436383962633763613634636137303131
37616233313535653665396631613932386564373065643831643631313365333937613535353863
65346638626261656238646634373932343436623638396464393932373831373636663763363430
63376534313465393365313265346334356336313064646338396437363132306237333036316632
32636537623331626133636134353839396561616136626630356264623562386165356537346634
35633635366538306634626630623739316361336565356265323832626439326636663536383264
3430
